# AMPL .dat file to hold the distance data for the problem stations

# The set of possible stores you can open
# (The problematic NiceRide Stations)
set Stores :=
30001
30009
30010
30011
30014
30017
30023
30024
30025
30026
30029
30032
30039
30041
30042
30046
30049
30051
30052
30058
30060
30074
30085
30087
30088
30093
30094
30095
30097
30098
30109
30110
30112
30115
30137
30144
30160
30165
30171
30172
30177
30178
30180
30182
30183
30185
30186
30187
30188
30189
30190
30201;

# The Locations of the Stores you can open 
# (The problematic NiceRide Stations)
set Locations :=
30001
30009
30010
30011
30014
30017
30023
30024
30025
30026
30029
30032
30039
30041
30042
30046
30049
30051
30052
30058
30060
30074
30085
30087
30088
30093
30094
30095
30097
30098
30109
30110
30112
30115
30137
30144
30160
30165
30171
30172
30177
30178
30180
30182
30183
30185
30186
30187
30188
30189
30190
30201;

# Longitude and Latitude of each Store/Location
param : xCoord yCoord :=
30001	44.957341	-93.223374
30009	44.98102	-93.23746
30010	44.97391	-93.28305
30011	44.986087	-93.272459
30014	44.96293	-93.241042
30017	44.960744	-93.28815
30023	44.95355	-93.26259
30024	44.973378	-93.234762
30025	44.977406	-93.234911
30026	44.97209	-93.23206
30029	44.976602	-93.266701
30032	44.97913	-93.23189
30039	44.973839	-93.274544
30041	44.962846	-93.267526
30042	44.975641	-93.272185
30046	44.97654	-93.25535
30049	44.93531794	-93.27807784
30051	44.97497	-93.266684
30052	44.96995	-93.278133
30058	44.97685	-93.23818
30060	44.96342	-93.277939
30074	44.97259	-93.218919
30085	44.940513	-93.177093
30087	44.96954	-93.2669
30088	44.983281	-93.24812
30093	44.968237	-93.281991
30094	44.94478	-93.29038
30095	44.93775	-93.2912
30097	44.948556	-93.283163
30098	44.995348	-93.266854
30109	44.987934	-93.212892
30110	44.987517	-93.230469
30112	45.00994	-93.247114
30115	44.97394	-93.2321
30137	44.9467		-93.1151
30144	44.988461	-93.269087
30160	44.949699	-93.293129
30165	44.92515	-93.314597
30171	44.985465	-93.252102
30172	44.983321	-93.249653
30177	45.01304	-93.264573
30178	44.990328	-93.254295
30180	44.987996	-93.279854
30182	44.980831	-93.240282
30183	44.973607	-93.237254
30185	44.991821	-93.255558
30186	44.97866518	-93.27050328
30187	44.966145	-93.286294
30188	44.974795	-93.270649
30189	44.972128	-93.221021
30190	44.985576	-93.238743
30201	44.98716	-93.301944;
